7735
1438
3904
1624
5679
1608
7867
3999
3265
8257
1438
1439
4573
4868
7669
4221
8163
8564
18
4426
5623
8775
6644
3350
766
2763
8776
4575
4372
2031
6050
1415
4825
3314
518
4209
7579
7389
7669
8776
6026
1157
1841
6152
5098
241
1841
8096
182
7202
566
4900
6749
343
4186
2216
4559
566
4213
4195
5794
4221
4836
3412
7229
4372
4372
3908
310
5551
8293
7829
3109
618
267
9235
1362
5221
4016
5613
2261
3904
1438
2075
7091
8406
1290
8775
4186
571
2090
5623
7829
2216
1841
417
1625
9235
1841
4209
9235
2554
5575
5575
6563
3534
1510
4575
5551
7687
3595
488
381
3109
1624
961
8355
4186
4297
7687
1439
1290
5596
3835
7173
4999
8775
3265
5430
6025
7735
894
1157
771
494
4210
7687
494
3999
6952
1429
8025
187
4209
9235
8569
381
1362
8776
8841
1812
5049
239
4221
3998
414
642
566
6325
3350
5049
1451
3333
8257
7735
1336
1301
4868
1438
8789
5154
8776
6514
432
8892
4221
2353
4210
2309
3350
3998
5221
4861
7829
425
5149
494
343
566
401
2571
518
2852
1841
5205
4836
3109
1354
6749
6026
3904
3595
2967
309
221
4681
2924
4221
4573
494
4953
402
6749
723
5221
4209
4931
4068
3311
1106
3534
8802
8780
3109
7662
7771
243
8776
77
9084
3301
1873
1290
4576
2980
6749
6026
2647
4573
7074
740
402
4065
8892
5563
1459
4575
7782
1157
4999
7689
381
5594
3999
6563
6749
4071
2201
1274
5428
3934
2472
3998
1841
4016
3916
4371
1841
3109
77
1406
5899
1608
488
5177
18
9124
4337
8445
5218
2411
494
1362
4909
7537
8597
4372
8749
4574
480
3904
77
7669
18
1362
3105
494
4297
3935
3934
7829
1841
1197
7647
8083
2292
7662
4091
7687
7964
4372
1439
8406
2089
1439
7787
3970
566
6346
2049
3934
7669
6941
8620
259
7996
4210
8776
1978
4068
4221
1439
4372
264
5407
9067
5213
3172
3999
682
6563
4210
1362
2974
3105
4221
1274
4210
475
313
3946
6739
4035
5221
747
3265
5318
412
3998
4575
3350
8636
417
1439
3265
8406
2057
3479
221
4210
6749
8957
3999
402
8148
4161
1362
3350
8597
4575
4221
1835
6017
77
241
8083
3999
6025
1439
3350
6026
5679
4953
4221
3904
4047
4570
1841
322
1432
381
3350
7735
4209
5269
8789
4914
77
8448
2980
3595
7735
686
3172
3350
4573
2261
771
3999
2311
1841
1439
5623
1978
6739
6972
1362
7112
3908
2353
3946
4891
8220
2201
1438
4372
1439
5794
2353
151
1978
6318
1406
1290
3350
4426
8163
7867
6514
1844
187
566
1406
4047
4822
1608
3350
7829
461
2089
4068
771
259
3595
5551
7824
6026
5430
5213
6514
6026
4016
1439
551
6514
3904
8802
1425
4426
8620
2851
1432
2075
2614
7112
221
7867
2976
1369
3904
163
3109
2434
4221
7273
1439
6749
742
1803
8436
4868
7894
18
1816
8406
1841
3904
771
6749
5054
4360
1844
381
8358
1438
1301
771
329
6026
6344
1835
50
7171
4221
7669
2852
5567
4868
5575
7701
4575
1841
3999
951
3999
1841
249
8564
3586
309
6318
3495
6644
1177
6031
268
1157
2976
6749
5569
518
263
3516
4020
1439
1841
414
243
642
4372
494
5575
259
8355
5921
3832
5575
8697
4047
4891
7701
4870
7234
2976
771
1602
4221
8892
1157
7106
4575
1965
2090
2089
3350
1432
7701
1369
1449
1294
7669
5673
2459
6749
4576
1585
1307
3904
4575
343
9235
4047
412
6514
1439
7669
6749
7669
3109
771
7829
5221
7824
2439
7687
5218
5430
417
4573
2886
4068
4836
4047
1841
5407
4025
8083
7824
587
1841
381
8899
249
5866
487
6749
771
7931
4870
1362
487
1837
8802
3350
1870
7067
1369
5567
642
5622
2851
1336
480
1609
7669
3999
3350
5551
3962
3908
8448
2089
3174
3934
2525
3904
1812
527
6026
3946
1157
5407
9124
2851
4184
232
4891
2075
4015
2098
4209
4221
6026
857
3998
1429
8775
8776
4371
952
3265
4213
8776
4047
961
3880
3999
18
8220
1435
7669
1087
8892
1582
7669
268
3946
3904
1
6743
1438
7389
5155
2053
1277
8776
4575
2261
5559
3350
7041
7046
1
518
8718
3904
4016
4852
4953
2673
8775
5623
1446
1812
3069
6026
4575
4891
6026
7202
4831
18
7669
8776
6749
1157
8780
4221
7669
1307
3109
8745
4953
2201
7669
251
381
2411
7669
5213
4016
4885
2029
1362
381
3999
1343
3265
7735
5623
1449
7838
8776
3251
7689
6749
6749
518
566
3410
7728
8892
3109
4575
3265
18
3999
4868
4035
4161
8776
5599
475
7785
5430
6026
5559
7103
6514
1438
4575
5679
4575
1197
4210
8096
1841
4575
8355
6559
3489
7687
4221
7116
4221
4953
1841
2851
2145
801
4221
2422
2183
2098
2075
3142
5569
6563
7669
2886
3350
7669
4372
8841
2057
6514
3172
4051
8873
4575
8802
3916
7113
494
4953
4331
7669
4870
4868
5866
4862
1307
5622
1347
2439
381
1567
8355
4953
4375
480
6356
790
6026
2090
918
1567
5593
2594
3151
2862
3999
566
6514
3479
2604
6651
1519
6972
187
4221
18
241
6636
4068
2043
4138
571
6749
4868
8163
7776
8802
1406
4035
5724
2974
2389
8046
1519
810
2090
4047
83
518
4221
1841
1972
3495
4575
3904
1336
587
5927
2075
512
1157
4999
7904
7317
77
3358
2903
4209
1602
8096
3109
5213
1157
2976
402
6054
1439
7929
566
4047
6514
1439
7669
1039
8564
4047
3914
83
2647
1439
3350
7202
2838
6972
7389
7687
232
3265
518
414
3350
4161
8953
3914
704
6563
3109
6749
8355
4426
1157
5598
2571
5596
5599
3298
4575
6563
1336
3350
3172
3585
642
571
2851
8718
5623
3109
7389
518
2043
4426
4186
6560
8355
8355
6749
4881
8899
1290
77
7735
5614
961
