224059
91321
3823
52452
235353
124921
191972
223577
63872
2962
221787
112382
205186
18510
102488
57523
10616
274632
223577
6553
198718
41530
217164
23152
253721
77
221787
269999
89551
31325
132504
4353
152917
216050
215893
214634
4700
164972
170213
217329
68876
133027
202850
167910
51870
119962
56085
23152
173534
223577
107520
278518
70559
152917
204319
147638
249304
153109
115914
10902
39028
10574
10608
111614
26430
52669
5550
20203
216335
17920
62227
107520
111918
52465
39028
224589
118009
174852
28049
173408
5859
163707
108040
154516
41530
2962
223577
212012
34931
116705
112382
167946
184816
203036
220777
15102
148509
5429
52560
163513
3396
155494
146269
3199
54367
217295
93489
102960
10608
10608
203003
184816
230398
48616
7130
65630
63399
10852
269999
188098
112526
432
229192
17350
249304
256152
206019
53733
194615
217125
4916
61986
10711
37139
55934
39028
251341
116487
173408
58894
147638
147570
218382
204154
56134
207793
60704
13998
165333
60833
74302
202576
2931
39762
61277
10447
212025
181227
91321
246811
47968
115914
111437
10022
717
152917
44994
62308
3642
192194
10616
166290
10616
273287
173408
173408
9191
41503
192205
68795
40015
63128
51471
238819
109358
56085
209347
405
69911
202418
224939
155115
177685
94658
3879
221229
3823
77122
10608
5960
202576
39028
192342
115914
91500
35752
263814
119069
170659
191822
1119
579
4353
170213
243891
175534
69881
119099
276214
29000
21314
31315
206023
111614
228673
56932
235620
69881
22369
46411
92768
10747
31741
192342
224365
165333
20627
158270
7361
202970
76862
102488
154476
204319
261634
2905
147643
67871
148310
110162
174586
222665
217125
224862
244995
167944
110636
3271
9878
8386
37137
33035
208759
217270
401
515
56932
41726
204154
170483
55724
217125
230272
2828
41530
278693
48549
107362
209427
76977
32094
3056
121707
55866
55934
107727
55934
56231
147638
111614
112131
53733
8214
65412
273989
23152
56932
4155
273378
235589
147633
173408
168548
269999
108290
228673
24048
18111
48621
8594
5472
18510
22375
220777
275877
10608
239764
10750
177029
160
10393
40966
259253
4643
108290
111437
191970
168564
36257
3832
93587
2887
167171
8052
30348
58843
228673
183597
10574
53733
204154
55961
15866
59248
108181
3832
23053
20205
49998
269999
100051
174852
41530
4651
191302
175446
177595
103567
203600
17306
214861
118009
147638
57564
515
11613
276873
91667
270034
204154
61419
39028
230877
84127
3285
269963
108340
271334
115914
11638
168831
202576
171951
269999
170659
55934
173408
10937
240458
1436
64155
37142
147638
10608
41303
111934
192194
10852
47858
171612
107385
10608
154704
119121
223731
206848
235331
50335
107511
17896
168831
224862
12884
112526
72432
202462
228631
201548
269987
52669
171753
167946
21558
66234
223940
164972
191302
39028
107932
264105
37139
108166
225233
10608
177675
42
264105
4457
2962
18729
18510
36991
155115
204153
115916
116413
2905
154421
201898
273307
256153
173408
188792
41530
19370
20649
7725
248169
265499
276228
64339
121809
17306
36794
202870
2983
273378
70460
39028
18111
89747
32930
118178
220974
145892
221787
147638
204154
184883
61277
158700
62899
161486
33528
515
206231
204157
62441
22995
167719
10022
204780
39028
194195
68795
39028
170213
52465
4167
204154
158270
147638
273638
107362
112158
21441
173408
263842
52336
173408
167946
68106
46423
174586
188098
546
147638
173408
228820
53733
17896
248860
115895
147633
57537
3069
203921
2887
248860
72154
190348
246811
145776
19350
10608
8083
264
194615
249304
3823
25922
53733
38843
25952
202896
148405
108239
27926
2905
61679
154516
202874
192703
230393
9191
108040
68133
220389
152917
39605
191551
5960
158830
217282
125923
246811
22367
171611
41530
215921
207903
4155
57523
248898
191822
32673
54079
37139
249304
53733
223805
148509
223577
2828
184816
199639
108431
146269
163513
173408
170213
170659
515
256153
10303
111511
107520
52452
119121
13444
188371
68106
442
231632
121635
170264
119121
187825
65872
23152
1119
55934
54306
41530
102739
259253
173408
269963
171748
158834
152790
21558
119510
173408
116413
5956
2962
206019
177685
238692
19309
107983
170264
10467
18334
207793
15903
107983
61986
30348
5960
116705
145776
119121
235358
50329
35752
2962
146269
225761
60654
244995
165333
2962
261602
35752
52582
55362
3879
187636
248169
21376
10608
224365
211494
173408
18485
153416
2962
49695
115916
43780
183597
161486
256152
117744
1436
19467
9005
102488
191361
53733
55102
261644
49521
273378
147638
57523
32930
235331
7526
10480
55934
192161
280192
269999
107932
191772
46786
147638
2962
224365
3832
10608
1484
119121
10902
552
10828
112429
121635
48781
146328
32618
116543
7494
218937
11638
148414
102488
10747
39028
10033
249304
3069
218930
269963
7526
191822
27929
248860
49616
65389
3396
204319
116549
62418
10794
165333
51607
167946
5958
1557
7934
18111
202667
6553
202873
108239
3823
115977
146447
192194
116705
3823
77122
195879
115914
2737
119121
70559
216335
50335
18111
261282
41530
6062
9191
72432
225213
115914
191302
192194
43780
50474
71655
57523
212012
15135
130485
181558
261602
269999
247015
246834
264
191323
52526
192194
187825
108298
52452
217125
4167
26430
50035
119121
40024
10616
36794
204546
260
107932
204319
208214
579
173408
147638
2931
3823
107511
24159
204154
108161
204154
121622
256299
212570
39028
65389
9191
204153
61277
157
204771
41530
225328
173408
202870
265499
35752
36372
165333
5550
3298
187829
15130
167944
119530
15135
147638
217125
63002
55102
183873
171990
203003
145776
176358
55942
228673
68876
18350
147638
52526
53733
204783
46224
202418
191970
173656
53733
57523
103560
115914
152597
112382
146447
9191
147638
9927
16691
107516
222262
56100
165333
52572
7045
189044
269999
174989
191315
52526
72928
26035
132496
116705
442
92772
55952
52044
108290
10828
55947
148270
68876
15601
37139
235358
176358
137217
191968
15135
15085
130166
10313
165333
26430
192342
188039
220934
8214
10608
49521
146269
3396
119510
37340
55947
147638
228673
170520
147638
112171
187444
29000
10022
50310
148270
1436
10616
53733
77122
187601
216594
228673
196838
147638
515
68876
220934
91291
50329
39028
108298
132535
110636
263842
116676
207793
202858
5633
895
23024
173534
191315
116487
10983
217125
65389
20711
10983
265496
191822
145484
108239
10616
1119
193895
746
84127
191298
215921
53733
52336
20203
210844
244979
176499
224862
196838
240370
5704
204153
256152
204154
19389
110318
267502
45493
3823
8386
173408
176342
175589
12812
204319
81
10608
2962
