540
1463
191
8582
13260
10043
9735
6720
12982
9775
7020
1112
3491
2988
7921
6186
7245
3068
1809
12341
2154
7695
16014
12603
2828
3469
14346
2832
5667
15449
8377
1463
4547
12592
458
2494
1637
5667
1675
11873
9513
4278
482
5426
2763
2435
1467
14782
7393
190
7311
8887
7696
1709
7281
3491
16067
7919
15891
8686
8887
448
4823
7689
5144
7294
10616
7162
8301
15524
9493
2762
10020
548
12335
7279
5818
5799
15878
318
1478
2236
11873
4621
7733
323
7000
2322
8922
15892
7042
399
2923
12335
1463
2410
966
693
2269
7393
9715
4784
3925
4778
2218
10091
69
6093
2773
3384
1675
15476
7290
10616
15050
12882
3925
7760
419
9021
7817
419
4437
5237
4539
15892
10041
563
15289
419
4623
479
790
843
5564
490
2352
7247
10421
419
511
440
7733
8736
4615
4572
1639
4895
515
6157
4158
2161
7493
15471
8301
6683
1463
12490
219
4775
15508
401
514
3628
8990
3898
2751
2827
6093
1463
2410
2763
2642
8661
1626
1644
9021
543
9833
9023
14517
6016
4266
12995
1463
2773
2430
619
5297
1708
5165
8223
2751
9021
7519
2505
5627
693
10016
560
6507
514
399
191
5144
8298
8686
8325
1478
2618
5489
9026
2459
8682
4773
217
8610
14782
12953
9836
4567
8570
15582
5237
619
7921
4823
5078
4861
6355
4891
7243
693
2192
9857
11676
9021
8223
7014
6600
16169
401
7245
8736
4784
2763
515
4369
11676
7817
7041
2359
413
7342
2505
848
1198
2763
3717
14095
8846
2827
3541
2154
88
4859
191
1646
5672
8908
5551
8642
6940
10048
138
14130
1463
69
9709
8610
7279
7689
190
8833
69
856
1632
401
4779
1708
793
15753
5597
2218
7280
399
396
827
3114
3471
448
8887
12720
7311
1264
8610
6850
2313
5613
8887
4817
8856
4364
416
1932
4827
8908
9179
1684
6618
6642
514
7165
2475
1954
15759
7689
7692
401
8326
621
4638
2080
2763
9042
8856
9839
413
2352
10
429
1140
16266
10464
8990
12880
7689
8736
4626
2504
7920
6357
3478
467
2359
8642
564
5297
7920
8686
2208
2360
4626
6588
2377
2538
8736
3898
7829
12949
8907
12531
12284
411
2435
6593
3023
12284
553
2828
8311
12690
14766
4786
554
15476
399
919
1463
12341
8908
3478
7247
5467
5678
2751
378
4149
11514
3176
11255
980
5818
7703
1463
7920
7955
5850
5597
7980
10564
693
7919
464
3700
6573
8223
9852
217
6667
6416
9533
4773
810
14417
4598
2531
2377
16015
8301
16122
4659
6721
14462
1651
88
15250
490
2827
9533
5597
699
16122
246
10049
14996
6588
16034
661
8463
2439
4770
5564
11688
3139
3004
7273
9356
7920
7920
15891
11676
12953
1941
3068
1627
3007
3139
8301
8905
10114
16014
8610
2763
693
8686
2510
12447
4185
9021
7382
3421
11687
11016
69
7750
626
15527
15473
7921
271
11277
9742
191
2567
429
8842
2731
7245
2192
394
2763
15582
9742
3609
619
693
399
9513
15050
4158
191
397
5426
12512
6573
8617
9021
271
5717
3177
3023
14753
15618
6715
4538
8990
15466
4839
413
8445
6016
11255
9268
4786
16067
2345
1651
6458
15581
814
415
3899
2498
9012
11738
619
438
11647
693
8326
16014
283
3004
9034
6370
7691
8610
8301
271
4592
11016
619
7294
223
2298
12189
16045
9735
16014
8846
2567
2832
14216
7245
10078
1263
2505
12577
666
623
247
4328
3672
553
10016
10093
5597
8682
377
693
401
8685
585
8617
16014
15758
8898
2393
13115
5180
8679
2409
619
7119
4623
416
5165
1191
7760
8384
10016
11274
8223
14638
14091
8223
8705
8686
6590
8621
921
7696
12490
9311
2538
701
8888
190
5573
246
8223
6126
6852
2322
8155
8990
2763
323
8582
8685
1112
8293
3032
461
7801
271
3478
12446
9852
3082
8887
515
9539
462
7280
1908
7696
4496
2218
10616
6900
9775
564
553
9747
2305
7279
318
8856
7280
12602
1463
177
4413
6721
2494
11676
3068
6047
7519
167
1463
10111
318
5138
16069
11650
2761
1826
2846
2218
2412
3469
8887
14593
14349
623
458
458
3068
7311
8888
16132
191
419
560
12490
5130
2531
448
2642
5843
5156
10018
2353
9839
564
8887
540
3139
2816
6089
8685
2784
2305
3507
7393
10449
7162
7342
2531
14156
16042
514
7689
1675
3899
9021
401
3871
8908
7686
7020
12759
661
9126
4770
2218
401
4832
6587
6940
4448
438
1627
6031
191
2731
10762
15020
6093
205
11577
5691
4836
2154
2389
564
711
8308
3478
7689
12490
4369
2827
191
5799
7280
9510
10020
8683
14782
2617
468
1176
4775
8610
430
309
490
15038
7382
5264
8661
693
7342
8856
2459
7692
6030
2218
4567
486
8888
1826
619
9191
2516
15050
7162
2393
3620
671
15466
2773
159
419
6475
547
4868
10667
13032
13221
5289
10050
8908
416
9124
3407
14634
14782
5564
606
12720
8464
2233
3073
1932
4672
9437
458
507
175
6716
8937
2531
15769
7689
10623
1651
8730
2352
6629
14310
823
5467
12447
7020
401
5130
8933
8317
5997
2742
4448
12995
11846
693
7801
12075
7688
560
7162
4786
8982
8887
12470
2218
10449
8990
14516
8326
1626
13658
7919
3004
419
9755
217
230
2531
8996
7382
7245
1078
8942
7245
10623
7245
14625
8990
3177
14417
1183
7320
12759
3177
7245
8214
7921
15050
16135
6016
3897
10016
8887
995
4626
8298
7304
12505
14130
12955
3478
14131
11577
7245
4875
191
4369
3469
8642
12999
4778
80
15522
2474
5204
13089
1623
2218
7002
401
1463
8685
7692
2001
257
9726
7919
2475
10616
8582
4266
7733
10800
3471
5597
8856
1686
479
8610
8730
8908
921
3898
12490
419
5794
514
7493
853
14625
8942
1020
5613
142
6016
14159
9200
191
729
217
1463
2659
3899
88
16122
223
15050
8436
1651
515
9122
3004
6852
10449
8223
416
